0	0	0
0	0	0
0	0	0
0	0	0
0	0	0
0	0	0
0	0	0
0	0	0
0	0	0
0	0	0
0	0	0
0	0	0
0	0	0
0	0	0
0	0	0
0	0	0
0	0	0
0	0	0
0	0	0
0	0	0
0	0	0
0	0	0
0	0	0
0	0	0
0	0	0
0	0	0
0	0	0
0	0	0
0	0	0
0	0	0
0	0	0
0	0	0
0	0	0
0	0	0
0	0	0
0	0	0
0	0	0
0	0	0
0	0	0
0	0	0
0	0	0
0	0	0
0	0	0
0	0	0
0	0	0
0	0	0
0	0	0
0	0	0
0	0	0
0	0	0
0	0	0
0	0	0
0	0	0
0	0	0
0	0	0
0	0	0
0	0	0
0	0	0
0	0	0
0	0	0
0	0	0
0	0	0
0	0	0
12.2202	6.41651	45.4925
12.2604	6.60377	46.78
12.2553	6.81431	47.9563
12.213	7.05325	48.9021
12.2444	7.26884	50.4957
12.2521	7.54202	52.087
12.2198	7.78879	53.434
12.2257	8.02876	54.8526
12.2187	8.29841	56.477
12.1963	8.63318	57.9285
12.1727	8.85612	59.4566
12.1778	9.13333	61.2182
12.1523	9.49746	62.9274
12.1875	9.71875	64.5661
12.2419	9.97581	66.6489
12.2479	10.3719	68.3013
12.187	10.6374	70.2362
12.1565	10.913	71.8649
12.1433	11.2358	74.0101
12.2025	11.546	76.0533
12.1698	11.9245	77.9666
12.1954	12.3453	80.7602
12.1589	12.6225	82.0973
12.2253	12.9795	84.6191
12.1672	13.3554	86.3881
12.2166	13.769	89.5068
12.1765	14.1029	91.1522
12.2045	14.5	93.9144
12.1868	14.9377	96.4723
12.2143	15.2143	98.3865
12.3197	15.7172	101.612
12.2521	16.1639	104.174
12.2308	16.4615	105.955
12.2907	16.9383	109.222
12.2432	17.2973	111.682
12.2765	17.7558	114.255
12.2535	18.1549	116.401
12.2927	18.8244	120.943
12.297	19.1782	122.74
12.2727	19.5455	125.219
12.375	20.0313	129.132
12.3511	20.5798	131.88
12.3568	20.8973	134.018
12.3315	21.3867	136.98
12.4457	22.0343	141.677
12.4535	22.4535	144.148
12.3214	23.0179	147.58
12.3273	23.4727	150.263
12.3333	23.7778	153.046
12.4968	24.5032	157.92
12.5065	24.961	160.996
12.3974	25.4967	164.195
12.443	25.9463	166.399
12.4615	26.8671	173.38
12.5106	27.2979	175.84
12.4317	27.6763	178.37
12.4412	28.1324	182.304
12.4	28.1333	183.655
12.3664	29.0305	189.263
12.5156	29.6172	193.698
12.5156	29.6172	193.698
12.384	30.448	198.347
12.4959	31.2727	204.904
12.6154	32.3846	211.909
12.569	32.7328	213.736
12.5841	33.4956	219.411
12.4737	33.1316	217.486
12.5357	33.8661	221.37
12.4364	34.3	225.394
12.7358	35.4717	233.9
12.6667	34.4167	229.568
12.6667	34.3333	229.568
12.5294	36.5588	243.072
12.6735	38.1939	252.994
12.4898	38.0102	252.994
12.5625	38.9688	258.264
12.6947	39.2737	260.983
12.5806	40	266.596
12.5806	40	266.596
12.5806	40	266.596
13	41.4	275.482
12.8864	42.2159	281.743
12.7059	43.5647	291.687
12.9767	42.8605	288.295
12.7059	43.5647	291.687
12.7059	43.5647	291.687
12.7059	43.5647	291.687
12.7059	43.5647	291.687
12.7059	43.5647	291.687
12.7059	43.5647	291.687
12.7059	43.5647	291.687
12.7059	43.5647	291.687
12.7059	43.5647	291.687
12.7059	43.5647	291.687
12.7059	43.5647	291.687
12.7059	43.5647	291.687
12.7059	43.5647	291.687
13.5	51.125	344.353
13.5	51.125	344.353
13.5	51.125	344.353
13.3714	52.5571	354.191
13.3714	52.5571	354.191
13.3714	52.5571	354.191
13.3714	52.5571	354.191
13.3714	52.5571	354.191
13.3714	52.5571	354.191
13.3714	52.5571	354.191
13.3714	52.5571	354.191
13.3714	52.5571	354.191
13.3714	52.5571	354.191
13.3714	52.5571	354.191
13.3714	52.5571	354.191
13.3714	52.5571	354.191
13.3714	52.5571	354.191
13.3714	52.5571	354.191
13.3714	52.5571	354.191
14.1923	67.8077	476.796
14.4706	68.9412	486.145
14.4706	69.1176	486.145
14.4	70.12	495.868
14.25	72.625	516.529
14.25	72.625	516.529
14.4	77	550.964
14.8696	75.7391	538.987
14.8696	75.7391	538.987
15.2609	74.7609	538.987
15.2	76.6	550.964
15.2	76	550.964
15.2	76	550.964
15.4286	81.5714	590.319
15.4286	81.5714	590.319
15.4286	80.5	590.319
15.4286	80.2857	590.319
15.4286	80.2857	590.319
15.4286	80.2857	590.319
16.6829	81.3415	604.717
16.6829	81.3415	604.717
16.6829	81.3415	604.717
16.6829	81.3415	604.717
16.6154	84.5385	635.728
16.6154	84.5385	635.728
16.6154	83.8462	635.728
16.6154	83.8462	635.728
16.6154	83.6154	635.728
16.6154	83.6154	635.728
17.0769	82.9231	635.728
17.0769	82.9231	635.728
17.0769	82.9231	635.728
17.0769	82.9231	635.728
17	89.25	688.705
17	89.25	688.705
17	89.25	688.705
17.4857	91.2571	708.383
17.4857	91.2571	708.383
18	93.1176	729.217
18	93.1176	729.217
18	93.1176	729.217
18	93.1176	729.217
18	93.1176	729.217
18	100.581	799.787
18	100.581	799.787
18	100.581	799.787
18	100.581	799.787
18	100.581	799.787
18	100.581	799.787
19.2857	108.036	885.478
19.2857	108.036	885.478
19.2857	108.036	885.478
19.2857	108.036	885.478
19.2857	108.036	885.478
19.2857	108.036	885.478
21.4615	115.231	953.592
21.4615	115.231	953.592
21.4615	115.231	953.592
21.4615	115.231	953.592
21.4615	115.231	953.592
21.4615	115.231	953.592
21.4615	115.231	953.592
21.4615	115.231	953.592
21.4615	115.231	953.592
21.4615	115.231	953.592
21.4615	115.231	953.592
21.4615	115.231	953.592
21.4615	115.231	953.592
21.4615	115.231	953.592
21.4615	115.231	953.592
21.4615	115.231	953.592
21.4615	115.231	953.592
21.4615	115.231	953.592
21.6	114.76	991.736
21.6	114.76	991.736
22.6957	124.261	1077.97
22.6957	124.261	1077.97
23.7273	129.045	1126.97
23.7273	129.045	1126.97
23.7273	129.045	1126.97
23.7273	129.045	1126.97
23.7273	127.409	1126.97
23.7273	127.409	1126.97
23.7273	127.409	1126.97
23.7273	127.409	1126.97
23.1429	133	1180.64
23.1429	133	1180.64
23.1429	133	1180.64
23.1429	133	1180.64
23.1429	133	1180.64
23.1429	133	1180.64
23.1429	133	1180.64
23.1429	133	1180.64
23.1429	133	1180.64
24.8571	130.429	1180.64
24.8571	130.429	1180.64
24.8571	130.429	1180.64
24.8571	130.429	1180.64
26.5263	143.579	1304.92
26.5263	143.579	1304.92
26.5263	143.579	1304.92
26.5263	143.579	1304.92
26.5263	143.579	1304.92
28.5882	158.235	1458.43
28.5882	158.235	1458.43
28.5882	158.235	1458.43
29.25	166.938	1549.59
29.25	166.938	1549.59
30.375	166.375	1549.59
30.375	166.375	1549.59
30.375	166.375	1549.59
30.375	166.375	1549.59
30.375	166.375	1549.59
30.375	166.375	1549.59
30.375	166.375	1549.59
30.375	166.375	1549.59
30.375	166.375	1549.59
30.375	166.375	1549.59
29.25	163.563	1549.59
29.25	163.563	1549.59
29.25	163.563	1549.59
29.25	163.563	1549.59
29.25	163.563	1549.59
29.25	163.563	1549.59
29.25	163.563	1549.59
29.25	163.563	1549.59
29.25	161.313	1549.59
29.25	161.313	1549.59
29.25	161.313	1549.59
29.25	161.313	1549.59
29.25	161.313	1549.59
29.25	161.313	1549.59
29.25	161.313	1549.59
29.25	161.313	1549.59
29.25	161.313	1549.59
29.25	161.313	1549.59
29.25	161.313	1549.59
29.25	161.313	1549.59
29.25	161.313	1549.59
29.25	161.313	1549.59
29.25	161.313	1549.59
29.25	161.313	1549.59
29.25	161.313	1549.59
29.25	161.313	1549.59
29.25	161.313	1549.59
29.25	161.313	1549.59
29.25	161.313	1549.59
29.25	161.313	1549.59
29.25	161.313	1549.59
29.25	161.313	1549.59
29.25	161.313	1549.59
29.25	161.313	1549.59
29.25	161.313	1549.59
29.25	161.313	1549.59
29.25	161.313	1549.59
29.25	161.313	1549.59
29.25	161.313	1549.59
29.25	161.313	1549.59
29.25	161.313	1549.59
29.25	161.313	1549.59
29.25	161.313	1549.59
29.25	161.313	1549.59
29.25	161.313	1549.59
29.25	161.313	1549.59
29.25	161.313	1549.59
29.25	161.313	1549.59
29.25	161.313	1549.59
29.25	161.313	1549.59
29.25	161.313	1549.59
29.25	161.313	1549.59
29.25	161.313	1549.59
29.25	161.313	1549.59
29.25	161.313	1549.59
29.25	161.313	1549.59
29.25	161.313	1549.59
29.25	161.313	1549.59
29.25	161.313	1549.59
29.25	161.313	1549.59
29.25	161.313	1549.59
29.25	161.313	1549.59
29.25	161.313	1549.59
29.25	161.313	1549.59
29.25	161.313	1549.59
29.25	161.313	1549.59
29.25	161.313	1549.59
29.25	161.313	1549.59
29.25	161.313	1549.59
29.25	161.313	1549.59
29.25	161.313	1549.59
29.25	161.313	1549.59
29.25	161.313	1549.59
29.25	161.313	1549.59
29.25	161.313	1549.59
29.25	161.313	1549.59
29.25	161.313	1549.59
29.25	161.313	1549.59
29.25	161.313	1549.59
29.25	161.313	1549.59
29.25	161.313	1549.59
29.25	161.313	1549.59
29.25	161.313	1549.59
29.25	161.313	1549.59
29.25	161.313	1549.59
29.25	161.313	1549.59
29.25	161.313	1549.59
29.25	161.313	1549.59
29.25	161.313	1549.59
29.25	161.313	1549.59
29.25	161.313	1549.59
29.25	161.313	1549.59
29.25	161.313	1549.59
29.25	161.313	1549.59
29.25	161.313	1549.59
